{
 "cells": [
  {
   "cell_type": "markdown",
   "metadata": {},
   "source": [
    "## GMM - Gaussian Mixture Models"
   ]
  },
  {
   "cell_type": "code",
   "execution_count": 1,
   "metadata": {},
   "outputs": [],
   "source": [
    "# Import Libraries\n",
    "import pandas as pd\n",
    "import numpy as np\n",
    "import matplotlib.pyplot as plt\n",
    "\n",
    "# Fix the Random seed for Reproducibility\n",
    "np.random.seed(40)"
   ]
  },
  {
   "cell_type": "markdown",
   "metadata": {},
   "source": [
    "### Observations\n",
    "1. The optimal number of clusters may vary based on the dataset and the clustering algorithm. It's essential to balance model complexity with model fit.\n",
    "2. If BIC and AIC start to increase after a certain number of clusters, it indicates overfitting. Choosing a smaller number of clusters may be more appropriate in such cases.\n",
    "3. The scatter plots can help visualize the clustering results. GMM may capture more complex relationships in the data, but the interpretation of clusters may be more challenging.\n",
    "4. Silhouette scores provide a quantitative measure of clustering quality. Comparing silhouette scores between GMM and K-Means can help decide which algorithm is more suitable for the dataset.\n",
    "5. The choice between GMM and K-Means depends on the specific goals of the analysis. GMM is more flexible but may require more data and more complex models, while K-Means is simpler and faster but assumes spherical clusters."
   ]
  },
  {
   "cell_type": "code",
   "execution_count": 2,
   "metadata": {},
   "outputs": [
    {
     "name": "stdout",
     "output_type": "stream",
     "text": [
      "   Index  Gender  Marital status  Age  Education  Income  Occupation  \\\n",
      "0      0       0               0   67          2  124670           1   \n",
      "1      1       1               1   22          1  150773           1   \n",
      "2      2       0               0   49          1   89210           0   \n",
      "3      3       0               0   45          1  171565           1   \n",
      "4      4       0               0   53          1  149031           1   \n",
      "\n",
      "   Settlement size  \n",
      "0                2  \n",
      "1                2  \n",
      "2                0  \n",
      "3                1  \n",
      "4                1  \n"
     ]
    }
   ],
   "source": [
    "# Load the data from the customers dataset\n",
    "customers = pd.read_csv('./SMAI-Dataset-customer-dataset/data.csv')\n",
    "print(customers.head())"
   ]
  },
  {
   "cell_type": "code",
   "execution_count": 3,
   "metadata": {},
   "outputs": [
    {
     "name": "stdout",
     "output_type": "stream",
     "text": [
      "[0.52801546 0.12739116 0.34459337]\n",
      "[0.53966008 0.13338051 0.32695941]\n",
      "[0.55195445 0.13783754 0.31020801]\n",
      "[0.55646853 0.14003007 0.3035014 ]\n",
      "[0.54254111 0.14054199 0.3169169 ]\n",
      "[0.51049306 0.14144861 0.34805833]\n",
      "[0.47595619 0.14933181 0.37471199]\n",
      "[0.43376694 0.14606806 0.420165  ]\n",
      "[0.36591148 0.12413457 0.50995395]\n",
      "[0.35887253 0.10228943 0.53883803]\n",
      "[0.3604964  0.09650378 0.54299982]\n",
      "[0.35824966 0.09875034 0.543     ]\n",
      "[0.35665579 0.10034421 0.543     ]\n",
      "[0.35552752 0.10147248 0.543     ]\n",
      "[0.35472982 0.10227018 0.543     ]\n",
      "[0.35416201 0.10283799 0.543     ]\n",
      "[0.35375433 0.10324567 0.543     ]\n",
      "[0.3534594 0.1035406 0.543    ]\n",
      "[0.35324476 0.10375524 0.543     ]\n",
      "[0.35308784 0.10391216 0.543     ]\n",
      "[0.35297274 0.10402726 0.543     ]\n",
      "[0.35288811 0.10411189 0.543     ]\n",
      "[0.35282576 0.10417424 0.543     ]\n",
      "[0.35277977 0.10422023 0.543     ]\n",
      "[0.35274581 0.10425419 0.543     ]\n",
      "[0.35272072 0.10427928 0.543     ]\n",
      "[0.35270217 0.10429783 0.543     ]\n",
      "[0.35268845 0.10431155 0.543     ]\n",
      "[0.35267829 0.10432171 0.543     ]\n",
      "[0.35267078 0.10432922 0.543     ]\n",
      "[0.35266522 0.10433478 0.543     ]\n",
      "[0.3526611 0.1043389 0.543    ]\n",
      "[0.35265806 0.10434194 0.543     ]\n",
      "[0.3526558 0.1043442 0.543    ]\n",
      "[0.35265413 0.10434587 0.543     ]\n",
      "[0.3526529 0.1043471 0.543    ]\n",
      "[0.35265198 0.10434802 0.543     ]\n",
      "[0.3526513 0.1043487 0.543    ]\n",
      "[0.3526508 0.1043492 0.543    ]\n",
      "[0.35265043 0.10434957 0.543     ]\n",
      "[0.35265015 0.10434985 0.543     ]\n",
      "[0.35264995 0.10435005 0.543     ]\n",
      "[0.3526498 0.1043502 0.543    ]\n",
      "[0.35264969 0.10435031 0.543     ]\n",
      "[0.3526496 0.1043504 0.543    ]\n",
      "[0.35264954 0.10435046 0.543     ]\n",
      "[0.3526495 0.1043505 0.543    ]\n",
      "[0.35264946 0.10435054 0.543     ]\n",
      "[0.35264944 0.10435056 0.543     ]\n"
     ]
    }
   ],
   "source": [
    "# Initialize a GMM Class\n",
    "from scipy.stats import multivariate_normal\n",
    "\n",
    "class GMM:\n",
    "    # Define the init function\n",
    "    def __init__(self, k=2, max_iter=1):\n",
    "        self.k = k\n",
    "        self.max_iter = max_iter\n",
    "\n",
    "    def initalize_params(self, dataset):\n",
    "        # Initialize the weights\n",
    "        self.iterations = 0\n",
    "        self.weights = np.ones(self.k) / self.k # Equal weights for each cluster\n",
    "        # Initialize the means\n",
    "        random_row = np.random.randint(low=0, high=dataset.shape[0], size=self.k)\n",
    "        self.means = dataset[random_row, :]\n",
    "        # For each mean, find the variance while iterating through the entire dataset\n",
    "        self.variances = []\n",
    "        for mean in self.means:\n",
    "            self.variances.append(np.cov(dataset - mean, rowvar=False))\n",
    "        self.variances = np.array(self.variances)\n",
    "        self.responsibilities = []\n",
    "        self.prev_likelihood = 0\n",
    "        self.prev_responsibilities = []\n",
    "\n",
    "    def multivariate_gaussian(self, dataset, mean, variance, datapoint):\n",
    "        # Find the Determinant of the Variance matrix\n",
    "        det = np.linalg.det(variance)\n",
    "        # Find the inverse of the variance matrix\n",
    "        inv = np.linalg.inv(variance)\n",
    "        # Find the Denominator, first (2*pi)^(k/2) * det^(1/2)\n",
    "        den = (2 * np.pi) ** (dataset.shape[1] / 2) * det ** (1 / 2)\n",
    "        # Find the numerator inside the exp part\n",
    "        exp = np.exp(-0.5*np.dot(np.dot((datapoint - mean), inv), (datapoint - mean).T))\n",
    "        # Convert to scalar\n",
    "        exp = exp[0][0]\n",
    "        # Find the final probability\n",
    "        prob = exp / den\n",
    "        return prob\n",
    "\n",
    "    def get_responsibilities(self, dataset): \n",
    "        # Find the Denominator of the responsibilities\n",
    "        # The Final Responsibilities array must be a (n, k) array\n",
    "        self.responsibilities = []\n",
    "        for mean, variance, weight in zip(self.means, self.variances, self.weights):\n",
    "            temp = []\n",
    "            for datapoint in dataset:\n",
    "                mean_expanded = np.expand_dims(mean, axis=0) # Mean is a 1*7 array\n",
    "                numerator = weight * self.multivariate_gaussian(dataset, mean_expanded, variance, datapoint) # Numerator is a scalar\n",
    "                temp.append(numerator) # Append the numerator to the temp array\n",
    "            self.responsibilities.append(temp)\n",
    "\n",
    "        self.responsibilities = np.array(self.responsibilities)\n",
    "        # Take Transpose of the responsibilities array\n",
    "        self.responsibilities = self.responsibilities.T\n",
    "\n",
    "        # Normalize the responsibilities array\n",
    "        for row in range(len(self.responsibilities)):\n",
    "            self.responsibilities[row] = self.responsibilities[row]/np.sum(self.responsibilities[row])\n",
    "\n",
    "        return\n",
    "\n",
    "    def set_expectation(self, dataset):\n",
    "        # For each row in the dataset, find out responsibility with respect to each cluster\n",
    "        self.prev_responsibilities = self.responsibilities\n",
    "        self.get_responsibilities(dataset)\n",
    "        # Check if the sum of the responsibilities is 1\n",
    "\n",
    "    def max_expectation(self, dataset):\n",
    "        # Calculate new weights for each cluster\n",
    "        self.weights = np.mean(self.responsibilities, axis=0)\n",
    "        print(self.weights)\n",
    "        # Calculate new means for each cluster\n",
    "        self.means = np.dot(self.responsibilities.T, dataset) / np.sum(self.responsibilities, axis=0)[:, np.newaxis]\n",
    "        # Calculate new variances for each cluster\n",
    "        temp_variances = []\n",
    "        for i in range(self.k):\n",
    "            diff = dataset - self.means[i]\n",
    "            weighted_diff = self.responsibilities[:, i][:, np.newaxis] * diff\n",
    "            variance = np.dot(weighted_diff.T, diff) / np.sum(self.responsibilities[:, i])\n",
    "            # Regularize the variance, with a diagonal matrix of 1e-4\n",
    "            variance += 1e-4 * np.eye(dataset.shape[1])\n",
    "            temp_variances.append(variance)\n",
    "        self.variances = temp_variances\n",
    "\n",
    "    def fit(self, dataset):\n",
    "        # Loop through the expectation and maximization steps\n",
    "        for i in range(self.max_iter):\n",
    "            # Expectation step\n",
    "            self.set_expectation(dataset)\n",
    "            # Maximization step\n",
    "            self.max_expectation(dataset)\n",
    "\n",
    "    def fit_perfect(self, dataset):\n",
    "        # Loop through the expectation and maximization steps\n",
    "        while True:\n",
    "            # Expectation step\n",
    "            self.set_expectation(dataset)\n",
    "            # Maximization step\n",
    "            self.max_expectation(dataset)\n",
    "\n",
    "            if self.iterations > 3:\n",
    "                if np.allclose(self.responsibilities, self.prev_responsibilities):\n",
    "                    break\n",
    "\n",
    "            self.prev_responsibilities = self.responsibilities\n",
    "            self.iterations += 1\n",
    "\n",
    "    def return_params(self):\n",
    "        return self.weights, self.means, self.variances\n",
    "    \n",
    "    def predict(self, dataset):\n",
    "        # Find the responsibilities\n",
    "        self.get_responsibilities(dataset)\n",
    "        # Return the maximum responsibility for each datapoint\n",
    "        return np.argmax(self.responsibilities, axis=1)\n",
    "    def reset(self):\n",
    "        self.iterations = 0\n",
    "\n",
    "# Convert the pandas df to a numpy array\n",
    "data = customers.values\n",
    "data = np.array(data[:, 1:], dtype=float)\n",
    "\n",
    "data_copy = data.copy()\n",
    "\n",
    "# Initialize the GMM class\n",
    "gmm = GMM(k=3, max_iter=100)\n",
    "gmm.initalize_params(data)\n",
    "gmm.fit_perfect(data)\n",
    "weights, means, variances = gmm.return_params()\n",
    "# print(\"Weights: \", weights)\n",
    "# print(\"Means: \", means)\n",
    "# print(\"Variances: \", variances)\n"
   ]
  },
  {
   "cell_type": "markdown",
   "metadata": {},
   "source": [
    "## Part - 2 : Wine Dataset"
   ]
  },
  {
   "cell_type": "code",
   "execution_count": 4,
   "metadata": {},
   "outputs": [
    {
     "name": "stdout",
     "output_type": "stream",
     "text": [
      "[0.64991748 0.24106885 0.10901367]\n",
      "[0.64976192 0.23476667 0.11547141]\n",
      "[0.6453353  0.23376123 0.12090348]\n",
      "[0.64230572 0.23267163 0.12502265]\n",
      "[0.64080446 0.23039378 0.12880176]\n",
      "[0.64034311 0.22710701 0.13254988]\n",
      "[0.64051641 0.22326049 0.1362231 ]\n",
      "[0.64104432 0.21923346 0.13972222]\n",
      "[0.64174079 0.2152706  0.14298861]\n",
      "[0.6424795  0.21150849 0.14601201]\n",
      "[0.64316831 0.20801753 0.14881416]\n",
      "[0.64373333 0.20483466 0.15143201]\n",
      "[0.64411002 0.20198328 0.1539067 ]\n",
      "[0.64423825 0.19948394 0.15627781]\n",
      "[0.64405918 0.19735989 0.15858093]\n",
      "[0.64351316 0.19564015 0.16084669]\n",
      "[0.64253843 0.19436123 0.16310034]\n",
      "[0.64107114 0.19356756 0.1653613 ]\n",
      "[0.6390469  0.19331038 0.16764272]\n",
      "[0.6364044  0.19364467 0.16995093]\n",
      "[0.63309092 0.19462417 0.17228491]\n",
      "[0.62906913 0.19629487 0.17463599]\n",
      "[0.62432374 0.19868835 0.1769879 ]\n",
      "[0.61886599 0.2018164  0.17931762]\n",
      "[0.61273441 0.20566855 0.18159703]\n",
      "[0.60599126 0.21021322 0.18379552]\n",
      "[0.59871541 0.21540164 0.18588296]\n",
      "[0.59099386 0.22117353 0.18783261]\n",
      "[0.58291392 0.22746265 0.18962343]\n",
      "[0.57455739 0.23420128 0.19124133]\n",
      "[0.56599727 0.24132319 0.19267955]\n",
      "[0.55729656 0.24876527 0.19393818]\n",
      "[0.54850862 0.25646818 0.1950232 ]\n",
      "[0.53967835 0.26437637 0.19594528]\n",
      "[0.53084369 0.27243783 0.19671848]\n",
      "[0.52203713 0.28060377 0.1973591 ]\n",
      "[0.513287   0.28882831 0.19788469]\n",
      "[0.50461843 0.29706836 0.19831321]\n",
      "[0.49605399 0.30528353 0.19866248]\n",
      "[0.48761402 0.31343628 0.1989497 ]\n",
      "[0.47931679 0.321492   0.1991912 ]\n",
      "[0.4711784  0.32941932 0.19940228]\n",
      "[0.46321267 0.33719021 0.19959713]\n",
      "[0.45543093 0.34478022 0.19978885]\n",
      "[0.44784189 0.35216856 0.19998955]\n",
      "[0.44045143 0.35933809 0.20021047]\n",
      "[0.43326254 0.3662753  0.20046215]\n",
      "[0.42627523 0.37297011 0.20075466]\n",
      "[0.41948655 0.37941564 0.20109781]\n",
      "[0.41289053 0.38560794 0.20150153]\n",
      "[0.40647827 0.39154563 0.20197609]\n",
      "[0.40023789 0.39722953 0.20253258]\n",
      "[0.3941545  0.40266223 0.20318326]\n",
      "[0.38821015 0.40784778 0.20394207]\n",
      "[0.38238368 0.41279123 0.20482509]\n",
      "[0.37665054 0.41749833 0.20585112]\n",
      "[0.37098262 0.4219753  0.20704208]\n",
      "[0.36534803 0.42622858 0.20842339]\n",
      "[0.35971113 0.43026481 0.21002406]\n",
      "[0.35403283 0.43409069 0.21187648]\n",
      "[0.34827154 0.43771245 0.21401602]\n",
      "[0.34238502 0.44113388 0.2164811 ]\n",
      "[0.33633351 0.44435052 0.21931597]\n",
      "[0.3300838  0.44733531 0.22258089]\n",
      "[0.32361349 0.45000629 0.22638022]\n",
      "[0.31691156 0.45216072 0.23092772]\n",
      "[0.30996015 0.45338451 0.23665534]\n",
      "[0.30265571 0.45322495 0.24411934]\n",
      "[0.29484656 0.45208288 0.25307056]\n",
      "[0.28709551 0.45058217 0.26232232]\n",
      "[0.28046155 0.44843998 0.27109846]\n",
      "[0.27533747 0.44551048 0.27915204]\n",
      "[0.27156211 0.44207634 0.28636155]\n",
      "[0.26885224 0.43848873 0.29265903]\n",
      "[0.26696417 0.43498835 0.29804748]\n",
      "[0.26570603 0.43169647 0.30259749]\n",
      "[0.26492219 0.42865341 0.3064244 ]\n",
      "[0.26448466 0.42585667 0.30965867]\n",
      "[0.26429092 0.42328634 0.31242274]\n",
      "[0.26426229 0.42091828 0.31481943]\n",
      "[0.26434079 0.41872944 0.31692977]\n",
      "[0.26448508 0.41669934 0.31881557]\n",
      "[0.26466637 0.4148102  0.32052343]\n",
      "[0.26486499 0.41304655 0.32208845]\n",
      "[0.26506776 0.41139493 0.32353731]\n",
      "[0.26526601 0.4098436  0.32489039]\n",
      "[0.26545418 0.40838236 0.32616347]\n",
      "[0.26562886 0.40700234 0.32736881]\n",
      "[0.2657881  0.40569587 0.32851603]\n",
      "[0.26593094 0.40445636 0.3296127 ]\n",
      "[0.26605708 0.40327811 0.3306648 ]\n",
      "[0.26616667 0.40215623 0.3316771 ]\n",
      "[0.26626013 0.40108651 0.33265336]\n",
      "[0.26633807 0.40006531 0.33359662]\n",
      "[0.26640118 0.39908948 0.33450934]\n",
      "[0.26645022 0.39815627 0.33539352]\n",
      "[0.26648594 0.39726325 0.33625081]\n",
      "[0.26650909 0.39640827 0.33708264]\n",
      "[0.26652039 0.39558941 0.3378902 ]\n",
      "[0.26652052 0.39480492 0.33867457]\n",
      "[0.26651009 0.39405319 0.33943672]\n",
      "[0.26648971 0.39333274 0.34017755]\n",
      "[0.26645989 0.39264221 0.3408979 ]\n",
      "[0.26642114 0.39198028 0.34159858]\n",
      "[0.26637391 0.39134573 0.34228036]\n",
      "[0.26631861 0.39073739 0.342944  ]\n",
      "[0.26625561 0.39015417 0.34359022]\n",
      "[0.26618527 0.38959499 0.34421974]\n",
      "[0.2661079  0.38905885 0.34483325]\n",
      "[0.2660238  0.38854476 0.34543144]\n",
      "[0.26593324 0.38805181 0.34601495]\n",
      "[0.26583648 0.38757909 0.34658443]\n",
      "[0.26573375 0.38712576 0.34714049]\n",
      "[0.26562528 0.38669098 0.34768373]\n",
      "[0.26551129 0.38627398 0.34821473]\n",
      "[0.26539197 0.38587401 0.34873402]\n",
      "[0.26526753 0.38549033 0.34924214]\n",
      "[0.26513813 0.38512227 0.34973961]\n",
      "[0.26500396 0.38476915 0.35022689]\n",
      "[0.26486518 0.38443036 0.35070446]\n",
      "[0.26472196 0.38410528 0.35117276]\n",
      "[0.26457446 0.38379334 0.35163221]\n",
      "[0.26442282 0.38349398 0.3520832 ]\n",
      "[0.26426719 0.38320668 0.35252613]\n",
      "[0.26410772 0.38293093 0.35296135]\n",
      "[0.26394454 0.38266624 0.35338922]\n",
      "[0.26377779 0.38241216 0.35381005]\n",
      "[0.26360759 0.38216824 0.35422417]\n",
      "[0.26343407 0.38193406 0.35463187]\n",
      "[0.26325735 0.38170922 0.35503344]\n",
      "[0.26307754 0.38149332 0.35542914]\n",
      "[0.26289477 0.381286   0.35581923]\n",
      "[0.26270914 0.38108691 0.35620396]\n",
      "[0.26252075 0.3808957  0.35658355]\n",
      "[0.26232973 0.38071205 0.35695823]\n",
      "[0.26213615 0.38053565 0.3573282 ]\n",
      "[0.26194012 0.3803662  0.35769368]\n",
      "[0.26174174 0.38020342 0.35805484]\n",
      "[0.26154109 0.38004703 0.35841188]\n",
      "[0.26133826 0.37989678 0.35876496]\n",
      "[0.26113335 0.3797524  0.35911425]\n",
      "[0.26092642 0.37961368 0.35945991]\n",
      "[0.26071756 0.37948036 0.35980208]\n",
      "[0.26050685 0.37935223 0.36014092]\n",
      "[0.26029436 0.37922909 0.36047655]\n",
      "[0.26008016 0.37911072 0.36080912]\n",
      "[0.25986432 0.37899694 0.36113874]\n",
      "[0.2596469  0.37888756 0.36146554]\n",
      "[0.25942798 0.37878239 0.36178962]\n",
      "[0.25920762 0.37868128 0.36211111]\n",
      "[0.25898586 0.37858404 0.3624301 ]\n",
      "[0.25876278 0.37849053 0.36274669]\n",
      "[0.25853842 0.3784006  0.36306098]\n",
      "[0.25831284 0.37831409 0.36337307]\n",
      "[0.25808609 0.37823088 0.36368304]\n",
      "[0.25785822 0.37815081 0.36399097]\n",
      "[0.25762928 0.37807378 0.36429695]\n",
      "[0.25739931 0.37799964 0.36460105]\n",
      "[0.25716836 0.3779283  0.36490334]\n",
      "[0.25693647 0.37785962 0.36520391]\n",
      "[0.25670369 0.37779351 0.36550281]\n",
      "[0.25647005 0.37772985 0.36580011]\n",
      "[0.25623558 0.37766854 0.36609587]\n",
      "[0.25600034 0.3776095  0.36639016]\n",
      "[0.25576434 0.37755262 0.36668303]\n",
      "[0.25552764 0.37749782 0.36697454]\n",
      "[0.25529025 0.37744502 0.36726473]\n",
      "[0.25505222 0.37739411 0.36755367]\n",
      "[0.25481356 0.37734504 0.36784139]\n",
      "[0.25457432 0.37729773 0.36812795]\n",
      "[0.25433452 0.37725209 0.36841339]\n",
      "[0.25409419 0.37720806 0.36869775]\n",
      "[0.25385335 0.37716558 0.36898107]\n",
      "[0.25361204 0.37712457 0.36926339]\n",
      "[0.25337026 0.37708498 0.36954475]\n",
      "[0.25312806 0.37704675 0.36982519]\n",
      "[0.25288545 0.37700981 0.37010473]\n",
      "[0.25264246 0.37697412 0.37038342]\n",
      "[0.25239911 0.37693962 0.37066128]\n",
      "[0.25215541 0.37690625 0.37093833]\n",
      "[0.2519114  0.37687398 0.37121462]\n",
      "[0.25166708 0.37684275 0.37149017]\n",
      "[0.25142249 0.37681252 0.371765  ]\n",
      "[0.25117763 0.37678324 0.37203913]\n",
      "[0.25093253 0.37675487 0.37231259]\n",
      "[0.25068721 0.37672738 0.37258541]\n",
      "[0.25044168 0.37670072 0.37285759]\n",
      "[0.25019597 0.37667486 0.37312917]\n",
      "[0.24995008 0.37664977 0.37340015]\n",
      "[0.24970404 0.3766254  0.37367057]\n",
      "[0.24945785 0.37660172 0.37394042]\n",
      "[0.24921155 0.37657871 0.37420974]\n",
      "[0.24896514 0.37655634 0.37447852]\n",
      "[0.24871864 0.37653457 0.3747468 ]\n",
      "[0.24847206 0.37651337 0.37501456]\n",
      "[0.24822543 0.37649273 0.37528184]\n",
      "[0.24797874 0.37647262 0.37554864]\n",
      "[0.24773203 0.376453   0.37581496]\n",
      "[0.24748531 0.37643387 0.37608082]\n",
      "[0.24723858 0.37641519 0.37634623]\n",
      "[0.24699187 0.37639694 0.37661119]\n",
      "[0.24674519 0.37637911 0.3768757 ]\n",
      "[0.24649855 0.37636167 0.37713978]\n",
      "[0.24625197 0.37634461 0.37740342]\n",
      "[0.24600547 0.3763279  0.37766663]\n",
      "[0.24575905 0.37631153 0.37792942]\n",
      "[0.24551273 0.37629549 0.37819178]\n",
      "[0.24526653 0.37627976 0.37845372]\n",
      "[0.24502046 0.37626432 0.37871523]\n",
      "[0.24477453 0.37624915 0.37897632]\n",
      "[0.24452876 0.37623425 0.37923698]\n",
      "[0.24428317 0.37621961 0.37949722]\n",
      "[0.24403777 0.3762052  0.37975703]\n",
      "[0.24379257 0.37619102 0.38001641]\n",
      "[0.24354759 0.37617706 0.38027535]\n",
      "[0.24330284 0.3761633  0.38053386]\n",
      "[0.24305834 0.37614974 0.38079192]\n",
      "[0.2428141  0.37613637 0.38104953]\n",
      "[0.24257014 0.37612317 0.38130669]\n",
      "[0.24232648 0.37611014 0.38156338]\n",
      "[0.24208313 0.37609727 0.3818196 ]\n",
      "[0.2418401  0.37608455 0.38207535]\n",
      "[0.24159741 0.37607198 0.38233062]\n",
      "[0.24135507 0.37605954 0.38258539]\n",
      "[0.24111311 0.37604723 0.38283965]\n",
      "[0.24087154 0.37603505 0.38309341]\n",
      "[0.24063037 0.37602299 0.38334664]\n",
      "[0.24038962 0.37601105 0.38359933]\n",
      "[0.24014931 0.37599921 0.38385148]\n",
      "[0.23990945 0.37598747 0.38410308]\n",
      "[0.23967006 0.37597584 0.38435411]\n",
      "[0.23943115 0.3759643  0.38460455]\n",
      "[0.23919275 0.37595285 0.3848544 ]\n",
      "[0.23895486 0.37594149 0.38510365]\n",
      "[0.23871751 0.37593021 0.38535227]\n",
      "[0.23848072 0.37591902 0.38560026]\n",
      "[0.23824449 0.3759079  0.3858476 ]\n",
      "[0.23800886 0.37589687 0.38609428]\n",
      "[0.23777382 0.3758859  0.38634028]\n",
      "[0.23753941 0.37587501 0.38658558]\n",
      "[0.23730564 0.37586418 0.38683018]\n",
      "[0.23707252 0.37585343 0.38707405]\n",
      "[0.23684008 0.37584274 0.38731718]\n",
      "[0.23660833 0.37583212 0.38755955]\n",
      "[0.23637728 0.37582156 0.38780115]\n",
      "[0.23614697 0.37581107 0.38804196]\n",
      "[0.23591739 0.37580064 0.38828197]\n",
      "[0.23568858 0.37579027 0.38852115]\n",
      "[0.23546055 0.37577996 0.38875949]\n",
      "[0.23523331 0.37576972 0.38899697]\n",
      "[0.23500689 0.37575954 0.38923358]\n",
      "[0.23478129 0.37574941 0.38946929]\n",
      "[0.23455655 0.37573935 0.3897041 ]\n",
      "[0.23433267 0.37572935 0.38993798]\n",
      "[0.23410967 0.37571942 0.39017091]\n",
      "[0.23388757 0.37570954 0.39040289]\n",
      "[0.2336664  0.37569973 0.39063388]\n",
      "[0.23344615 0.37568998 0.39086387]\n",
      "[0.23322685 0.37568029 0.39109285]\n",
      "[0.23300853 0.37567067 0.3913208 ]\n",
      "[0.23279118 0.37566111 0.3915477 ]\n",
      "[0.23257484 0.37565162 0.39177354]\n",
      "[0.23235951 0.3756422  0.39199829]\n",
      "[0.23214522 0.37563285 0.39222193]\n",
      "[0.23193198 0.37562356 0.39244446]\n",
      "[0.2317198  0.37561434 0.39266586]\n",
      "[0.2315087 0.3756052 0.3928861]\n",
      "[0.23129869 0.37559612 0.39310518]\n",
      "[0.2310898  0.37558712 0.39332307]\n",
      "[0.23088204 0.3755782  0.39353977]\n",
      "[0.23067541 0.37556935 0.39375524]\n",
      "[0.23046994 0.37556058 0.39396949]\n",
      "[0.23026564 0.37555188 0.39418248]\n",
      "[0.23006252 0.37554327 0.39439422]\n",
      "[0.22986059 0.37553473 0.39460468]\n",
      "[0.22965988 0.37552628 0.39481384]\n",
      "[0.22946039 0.3755179  0.3950217 ]\n",
      "[0.22926214 0.37550962 0.39522824]\n",
      "[0.22906514 0.37550141 0.39543345]\n",
      "[0.22886939 0.3754933  0.39563731]\n",
      "[0.22867492 0.37548527 0.39583981]\n",
      "[0.22848173 0.37547733 0.39604094]\n",
      "[0.22828984 0.37546948 0.39624068]\n",
      "[0.22809926 0.37546172 0.39643902]\n",
      "[0.22790999 0.37545405 0.39663596]\n",
      "[0.22772205 0.37544648 0.39683147]\n",
      "[0.22753544 0.375439   0.39702556]\n",
      "[0.22735018 0.37543161 0.3972182 ]\n",
      "[0.22716628 0.37542432 0.3974094 ]\n",
      "[0.22698374 0.37541713 0.39759913]\n",
      "[0.22680258 0.37541003 0.39778739]\n",
      "[0.22662279 0.37540304 0.39797417]\n",
      "[0.22644439 0.37539614 0.39815947]\n",
      "[0.22626739 0.37538934 0.39834327]\n",
      "[0.22609179 0.37538264 0.39852557]\n",
      "[0.2259176  0.37537605 0.39870636]\n",
      "[0.22574482 0.37536955 0.39888563]\n",
      "[0.22557346 0.37536316 0.39906338]\n",
      "[0.22540353 0.37535687 0.3992396 ]\n",
      "[0.22523503 0.37535068 0.39941429]\n",
      "[0.22506797 0.3753446  0.39958743]\n",
      "[0.22490234 0.37533862 0.39975904]\n",
      "[0.22473816 0.37533275 0.39992909]\n",
      "[0.22457542 0.37532698 0.4000976 ]\n",
      "[0.22441413 0.37532132 0.40026455]\n",
      "[0.2242543  0.37531576 0.40042994]\n",
      "[0.22409592 0.3753103  0.40059378]\n",
      "[0.22393899 0.37530496 0.40075605]\n",
      "[0.22378352 0.37529971 0.40091676]\n",
      "[0.22362951 0.37529458 0.40107591]\n",
      "[0.22347696 0.37528954 0.40123349]\n",
      "[0.22332588 0.37528462 0.40138951]\n",
      "[0.22317625 0.37527979 0.40154396]\n",
      "[0.22302807 0.37527508 0.40169685]\n",
      "[0.22288136 0.37527046 0.40184818]\n",
      "[0.22273611 0.37526595 0.40199794]\n",
      "[0.22259231 0.37526155 0.40214614]\n",
      "[0.22244997 0.37525724 0.40229279]\n",
      "[0.22230908 0.37525304 0.40243788]\n",
      "[0.22216964 0.37524895 0.40258142]\n",
      "[0.22203164 0.37524495 0.40272341]\n",
      "[0.22189509 0.37524106 0.40286385]\n",
      "[0.22175998 0.37523726 0.40300275]\n",
      "[0.22162631 0.37523357 0.40314012]\n",
      "[0.22149407 0.37522998 0.40327595]\n",
      "[0.22136327 0.37522648 0.40341025]\n",
      "[0.22123388 0.37522308 0.40354304]\n",
      "[0.22110592 0.37521978 0.4036743 ]\n",
      "[0.22097937 0.37521658 0.40380406]\n",
      "[0.22085422 0.37521347 0.40393231]\n",
      "[0.22073049 0.37521045 0.40405906]\n",
      "[0.22060815 0.37520753 0.40418432]\n",
      "[0.2204872 0.3752047 0.4043081]\n",
      "[0.22036764 0.37520197 0.4044304 ]\n",
      "[0.22024945 0.37519932 0.40455123]\n",
      "[0.22013264 0.37519676 0.4046706 ]\n",
      "[0.22001719 0.37519429 0.40478852]\n",
      "[0.2199031  0.37519191 0.40490499]\n",
      "[0.21979036 0.37518962 0.40502002]\n",
      "[0.21967896 0.37518741 0.40513363]\n",
      "[0.2195689  0.37518528 0.40524582]\n",
      "[0.21946016 0.37518324 0.4053566 ]\n",
      "[0.21935274 0.37518128 0.40546598]\n",
      "[0.21924663 0.3751794  0.40557397]\n",
      "[0.21914183 0.3751776  0.40568057]\n",
      "[0.21903831 0.37517588 0.40578581]\n",
      "[0.21893608 0.37517423 0.40588969]\n",
      "[0.21883512 0.37517266 0.40599221]\n",
      "[0.21873543 0.37517117 0.4060934 ]\n",
      "[0.218637   0.37516975 0.40619326]\n",
      "[0.21853981 0.3751684  0.40629179]\n",
      "[0.21844386 0.37516712 0.40638902]\n",
      "[0.21834914 0.37516591 0.40648495]\n",
      "[0.21825563 0.37516477 0.4065796 ]\n",
      "[0.21816334 0.3751637  0.40667297]\n",
      "[0.21807224 0.37516269 0.40676507]\n",
      "[0.21798233 0.37516175 0.40685592]\n",
      "[0.2178936  0.37516087 0.40694554]\n",
      "[0.21780604 0.37516005 0.40703392]\n",
      "[0.21771963 0.37515929 0.40712108]\n",
      "[0.21763437 0.37515859 0.40720703]\n",
      "[0.21755025 0.37515795 0.40729179]\n",
      "[0.21746726 0.37515737 0.40737537]\n",
      "[0.21738538 0.37515684 0.40745777]\n",
      "[0.21730461 0.37515637 0.40753902]\n",
      "[0.21722494 0.37515595 0.40761911]\n",
      "[0.21714635 0.37515558 0.40769807]\n",
      "[0.21706883 0.37515526 0.40777591]\n",
      "[0.21699238 0.37515499 0.40785263]\n",
      "[0.21691698 0.37515477 0.40792825]\n",
      "[0.21684262 0.3751546  0.40800278]\n",
      "[0.2167693  0.37515448 0.40807623]\n",
      "[0.21669699 0.37515439 0.40814861]\n",
      "[0.2166257  0.37515435 0.40821995]\n",
      "[0.21655541 0.37515436 0.40829024]\n",
      "[0.2164861 0.3751544 0.4083595]\n",
      "[0.21641777 0.37515449 0.40842774]\n",
      "[0.21635042 0.37515461 0.40849497]\n",
      "[0.21628401 0.37515477 0.40856121]\n",
      "[0.21621856 0.37515497 0.40862647]\n",
      "[0.21615404 0.3751552  0.40869076]\n",
      "[0.21609045 0.37515547 0.40875408]\n",
      "[0.21602777 0.37515577 0.40881646]\n",
      "[0.215966   0.37515611 0.4088779 ]\n",
      "[0.21590512 0.37515647 0.40893841]\n",
      "[0.21584512 0.37515687 0.40899801]\n",
      "[0.215786   0.37515729 0.40905671]\n",
      "[0.21572774 0.37515775 0.40911451]\n",
      "[0.21567034 0.37515823 0.40917144]\n",
      "[0.21561377 0.37515873 0.40922749]\n",
      "[0.21555804 0.37515927 0.40928269]\n",
      "[0.21550314 0.37515982 0.40933704]\n",
      "[0.21544904 0.37516041 0.40939055]\n",
      "[0.21539575 0.37516101 0.40944324]\n",
      "[0.21534325 0.37516164 0.40949512]\n",
      "[0.21529153 0.37516228 0.40954619]\n",
      "[0.21524058 0.37516295 0.40959647]\n",
      "[0.2151904  0.37516363 0.40964597]\n",
      "[0.21514097 0.37516434 0.40969469]\n",
      "[0.21509228 0.37516506 0.40974265]\n",
      "[0.21504433 0.3751658  0.40978987]\n",
      "[0.21499711 0.37516656 0.40983634]\n",
      "[0.21495059 0.37516733 0.40988208]\n",
      "[0.21490479 0.37516811 0.4099271 ]\n",
      "[0.21485968 0.37516891 0.40997141]\n",
      "[0.21481526 0.37516973 0.41001501]\n",
      "[0.21477152 0.37517055 0.41005793]\n",
      "[0.21472844 0.37517139 0.41010017]\n",
      "[0.21468603 0.37517224 0.41014173]\n",
      "[0.21464427 0.3751731  0.41018263]\n",
      "[0.21460315 0.37517397 0.41022288]\n",
      "[0.21456267 0.37517485 0.41026248]\n",
      "[0.21452281 0.37517573 0.41030146]\n",
      "[0.21448357 0.37517663 0.4103398 ]\n",
      "[0.21444494 0.37517753 0.41037753]\n",
      "[0.2144069  0.37517844 0.41041465]\n",
      "[0.21436946 0.37517936 0.41045118]\n",
      "[0.21433261 0.37518028 0.41048711]\n",
      "[0.21429632 0.37518121 0.41052246]\n",
      "[0.21426061 0.37518215 0.41055724]\n",
      "[0.21422546 0.37518308 0.41059146]\n",
      "[0.21419085 0.37518403 0.41062512]\n",
      "[0.21415679 0.37518497 0.41065824]\n",
      "[0.21412327 0.37518592 0.41069081]\n",
      "[0.21409028 0.37518687 0.41072285]\n",
      "[0.2140578  0.37518782 0.41075437]\n",
      "[0.21402584 0.37518878 0.41078538]\n",
      "[0.21399439 0.37518974 0.41081588]\n",
      "[0.21396343 0.37519069 0.41084587]\n",
      "[0.21393297 0.37519165 0.41087538]\n",
      "[0.21390299 0.37519261 0.4109044 ]\n",
      "[0.21387349 0.37519357 0.41093294]\n",
      "[0.21384445 0.37519453 0.41096102]\n",
      "[0.21381588 0.37519549 0.41098863]\n",
      "[0.21378777 0.37519645 0.41101578]\n",
      "[0.21376011 0.3751974  0.41104249]\n",
      "[0.21373289 0.37519835 0.41106875]\n",
      "[0.21370611 0.37519931 0.41109458]\n",
      "[0.21367976 0.37520026 0.41111998]\n",
      "[0.21365383 0.3752012  0.41114496]\n",
      "[0.21362832 0.37520215 0.41116953]\n",
      "[0.21360322 0.37520309 0.41119369]\n",
      "[0.21357853 0.37520403 0.41121744]\n",
      "[0.21355423 0.37520497 0.4112408 ]\n",
      "[0.21353033 0.3752059  0.41126377]\n",
      "[0.21350681 0.37520683 0.41128636]\n",
      "[0.21348368 0.37520775 0.41130857]\n",
      "[0.21346092 0.37520867 0.41133041]\n",
      "[0.21343853 0.37520959 0.41135188]\n",
      "[0.21341651 0.3752105  0.411373  ]\n",
      "[0.21339484 0.3752114  0.41139376]\n",
      "[0.21337353 0.3752123  0.41141417]\n",
      "[0.21335256 0.3752132  0.41143424]\n",
      "[0.21333194 0.37521409 0.41145397]\n",
      "[0.21331165 0.37521498 0.41147337]\n",
      "[0.2132917  0.37521586 0.41149245]\n",
      "[0.21327207 0.37521673 0.4115112 ]\n",
      "[0.21325276 0.3752176  0.41152964]\n",
      "[0.21323377 0.37521846 0.41154777]\n",
      "[0.21321509 0.37521932 0.41156559]\n",
      "[0.21319672 0.37522017 0.41158311]\n",
      "[0.21317865 0.37522101 0.41160033]\n",
      "[0.21316088 0.37522185 0.41161727]\n",
      "[0.2131434  0.37522268 0.41163391]\n",
      "[0.21312621 0.37522351 0.41165028]\n",
      "[0.2131093  0.37522433 0.41166637]\n",
      "[0.21309267 0.37522514 0.41168218]\n",
      "[0.21307632 0.37522595 0.41169773]\n",
      "[0.21306024 0.37522675 0.41171302]\n",
      "[0.21304442 0.37522754 0.41172804]\n",
      "[0.21302886 0.37522833 0.41174281]\n",
      "[0.21301356 0.3752291  0.41175733]\n",
      "[0.21299852 0.37522988 0.4117716 ]\n",
      "[0.21298372 0.37523064 0.41178563]\n",
      "[0.21296918 0.3752314  0.41179942]\n",
      "[0.21295487 0.37523215 0.41181298]\n",
      "[0.2129408  0.37523289 0.41182631]\n",
      "[0.21292696 0.37523363 0.4118394 ]\n",
      "[0.21291336 0.37523436 0.41185228]\n",
      "[0.21289998 0.37523508 0.41186494]\n",
      "[0.21288682 0.3752358  0.41187738]\n",
      "[0.21287389 0.37523651 0.4118896 ]\n",
      "[0.21286117 0.37523721 0.41190162]\n",
      "[0.21284866 0.37523791 0.41191343]\n",
      "[0.21283636 0.37523859 0.41192505]\n",
      "[0.21282427 0.37523927 0.41193646]\n",
      "[0.21281238 0.37523995 0.41194768]\n",
      "[0.21280068 0.37524061 0.4119587 ]\n",
      "[0.21278919 0.37524127 0.41196954]\n",
      "[0.21277788 0.37524192 0.41198019]\n",
      "[0.21276677 0.37524257 0.41199066]\n",
      "[0.21275584 0.37524321 0.41200095]\n",
      "[0.2127451  0.37524384 0.41201106]\n",
      "[0.21273453 0.37524446 0.412021  ]\n",
      "[0.21272415 0.37524508 0.41203077]\n",
      "[0.21271394 0.37524569 0.41204037]\n",
      "[0.2127039  0.37524629 0.41204981]\n",
      "[0.21269402 0.37524689 0.41205909]\n",
      "[0.21268432 0.37524748 0.4120682 ]\n",
      "[0.21267478 0.37524806 0.41207716]\n",
      "[0.2126654  0.37524864 0.41208597]\n",
      "[0.21265617 0.37524921 0.41209462]\n",
      "[0.21264711 0.37524977 0.41210313]\n",
      "[0.21263819 0.37525032 0.41211148]\n",
      "[0.21262943 0.37525087 0.4121197 ]\n",
      "[0.21262081 0.37525141 0.41212777]\n",
      "[0.21261234 0.37525195 0.41213571]\n",
      "[0.21260401 0.37525248 0.41214351]\n",
      "[0.21259583 0.375253   0.41215117]\n",
      "[0.21258778 0.37525352 0.4121587 ]\n",
      "[0.21257987 0.37525403 0.4121661 ]\n",
      "[0.21257209 0.37525453 0.41217338]\n",
      "[0.21256444 0.37525503 0.41218053]\n",
      "[0.21255693 0.37525552 0.41218755]\n",
      "[0.21254954 0.37525601 0.41219446]\n",
      "[0.21254227 0.37525648 0.41220124]\n",
      "[0.21253513 0.37525696 0.41220791]\n",
      "[0.21252811 0.37525742 0.41221446]\n",
      "[0.21252121 0.37525788 0.4122209 ]\n",
      "[0.21251443 0.37525834 0.41222723]\n",
      "[0.21250776 0.37525879 0.41223345]\n",
      "[0.21250121 0.37525923 0.41223957]\n",
      "[0.21249476 0.37525967 0.41224557]\n",
      "[0.21248843 0.3752601  0.41225148]\n",
      "[0.2124822  0.37526052 0.41225728]\n",
      "[0.21247608 0.37526094 0.41226298]\n",
      "[0.21247006 0.37526136 0.41226858]\n",
      "[0.21246415 0.37526176 0.41227408]\n",
      "[0.21245834 0.37526217 0.4122795 ]\n",
      "[0.21245262 0.37526257 0.41228481]\n",
      "[0.21244701 0.37526296 0.41229004]\n",
      "[0.21244148 0.37526334 0.41229517]\n",
      "[0.21243606 0.37526373 0.41230022]\n",
      "[0.21243072 0.3752641  0.41230517]\n",
      "[0.21242548 0.37526447 0.41231005]\n",
      "[0.21242033 0.37526484 0.41231484]\n",
      "[0.21241526 0.3752652  0.41231954]\n",
      "[0.21241028 0.37526556 0.41232416]\n",
      "[0.21240538 0.37526591 0.41232871]\n",
      "[0.21240057 0.37526625 0.41233317]\n",
      "[0.21239584 0.3752666  0.41233756]\n",
      "[0.2123912  0.37526693 0.41234187]\n",
      "[0.21238663 0.37526726 0.41234611]\n",
      "[0.21238214 0.37526759 0.41235027]\n",
      "[0.21237772 0.37526791 0.41235436]\n",
      "[0.21237338 0.37526823 0.41235838]\n",
      "[0.21236912 0.37526854 0.41236234]\n",
      "[0.21236493 0.37526885 0.41236622]\n",
      "[0.21236081 0.37526916 0.41237003]\n",
      "[0.21235676 0.37526946 0.41237378]\n",
      "[0.21235278 0.37526975 0.41237747]\n",
      "[0.21234887 0.37527004 0.41238109]\n",
      "[0.21234503 0.37527033 0.41238464]\n",
      "[0.21234125 0.37527061 0.41238814]\n",
      "[0.21233753 0.37527089 0.41239157]\n",
      "[0.21233388 0.37527117 0.41239495]\n",
      "[0.2123303  0.37527144 0.41239826]\n",
      "[0.21232677 0.37527171 0.41240152]\n",
      "[0.2123233  0.37527197 0.41240473]\n",
      "[0.2123199  0.37527223 0.41240787]\n",
      "[0.21231655 0.37527248 0.41241097]\n",
      "[0.21231326 0.37527273 0.41241401]\n",
      "[0.21231003 0.37527298 0.41241699]\n",
      "[0.21230685 0.37527323 0.41241993]\n",
      "[0.21230372 0.37527347 0.41242281]\n",
      "[0.21230065 0.3752737  0.41242564]\n",
      "[0.21229764 0.37527394 0.41242843]\n",
      "[0.21229467 0.37527417 0.41243116]\n",
      "[0.21229176 0.37527439 0.41243385]\n",
      "[0.21228889 0.37527462 0.41243649]\n",
      "[0.21228608 0.37527484 0.41243909]\n",
      "[0.21228331 0.37527505 0.41244164]\n",
      "[0.21228059 0.37527526 0.41244414]\n",
      "[0.21227792 0.37527547 0.41244661]\n",
      "[0.21227529 0.37527568 0.41244903]\n",
      "[0.21227271 0.37527588 0.4124514 ]\n",
      "[0.21227017 0.37527608 0.41245374]\n",
      "[0.21226768 0.37527628 0.41245604]\n",
      "[0.21226523 0.37527648 0.41245829]\n",
      "[0.21226282 0.37527667 0.41246051]\n",
      "[0.21226046 0.37527686 0.41246269]\n",
      "[0.21225813 0.37527704 0.41246483]\n",
      "[0.21225584 0.37527722 0.41246693]\n",
      "[0.2122536 0.3752774 0.412469 ]\n",
      "[0.21225139 0.37527758 0.41247103]\n",
      "[0.21224922 0.37527775 0.41247303]\n",
      "[0.21224709 0.37527793 0.41247499]\n",
      "[0.21224499 0.3752781  0.41247691]\n",
      "[0.21224293 0.37527826 0.41247881]\n",
      "[0.21224091 0.37527843 0.41248067]\n",
      "[0.21223892 0.37527859 0.4124825 ]\n",
      "[0.21223696 0.37527874 0.41248429]\n",
      "[0.21223504 0.3752789  0.41248606]\n",
      "[0.21223315 0.37527905 0.41248779]\n",
      "[0.2122313  0.37527921 0.4124895 ]\n",
      "[0.21222947 0.37527935 0.41249117]\n",
      "[0.21222768 0.3752795  0.41249282]\n",
      "[0.21222592 0.37527965 0.41249443]\n",
      "[0.21222419 0.37527979 0.41249602]\n",
      "[0.21222249 0.37527993 0.41249758]\n",
      "[0.21222082 0.37528006 0.41249912]\n",
      "[0.21221918 0.3752802  0.41250062]\n",
      "[0.21221756 0.37528033 0.41250211]\n",
      "[0.21221597 0.37528046 0.41250356]\n",
      "[0.21221442 0.37528059 0.41250499]\n",
      "[0.21221288 0.37528072 0.4125064 ]\n",
      "[0.21221138 0.37528085 0.41250778]\n",
      "[0.2122099  0.37528097 0.41250913]\n",
      "[0.21220844 0.37528109 0.41251047]\n",
      "[0.21220701 0.37528121 0.41251178]\n",
      "[0.21220561 0.37528133 0.41251306]\n",
